# Clustered Case Seed=121625
# Supply Zone & Demand Zone separated by buffer

param :N:px py:=
3288	34.493755	102.138054
3236	33.999424	102.070068
3237	33.867973	101.711227
3225	34.592766	102.486046
3341	33.679501	101.553268
818	34.137308	102.789199
3219	34.984219	102.447670
3226	34.808080	102.688059
3426	35.198383	102.519638
3378	35.001396	102.908272
908	33.264269	101.481991
860	34.057903	103.218773
778	33.575901	102.964027
3363	35.220265	102.813076
3230	35.466736	102.351852
3314	34.693817	103.351326
1023	32.905773	101.702332
3295	33.983799	103.572922
3463	34.714821	103.622734
3220	35.478737	103.038528
810	32.793045	102.542656
3429	35.709602	102.877762
3365	35.424911	103.348572
3289	35.245304	103.623833
3320	34.439201	104.034225
3228	35.488174	103.569298
968	32.661842	100.961098
3458	35.663757	103.385902
3301	34.728153	104.175219
3392	34.221047	104.241324
3276	35.393253	103.856918
1028	33.307159	103.932602
3224	35.961235	103.285713
865	32.637701	100.532009
3330	34.048740	104.390091
3347	35.137409	104.211723
3329	33.786724	104.368721
877	32.213235	102.544762
774	32.657875	103.602150
863	32.267960	100.977104
3437	34.849590	104.469444
3214	36.348064	102.861290
867	33.253628	104.241180
3201	36.068428	103.769455
3258	35.007896	104.639015
3251	35.847538	104.112877
912	31.907852	102.204529
1043	32.065056	102.987579
913	32.271145	100.330063
937	32.830599	104.239839
841	31.969852	101.002731
1044	31.820810	101.903038
3302	34.723480	104.891937
3277	36.492440	103.393583
803	31.829404	102.613795
3473	33.597919	104.848740
3385	36.755287	102.735420
3198	35.581020	104.622986
3368	36.479401	103.668304
947	31.876149	100.731346
3398	36.733952	103.258636
3270	32.947002	104.679039
3350	33.372143	104.957291
3297	34.190205	105.177521
3382	36.961341	102.598483
3397	36.701533	103.581127
827	31.478533	102.062424
3311	34.011627	105.297806
3300	33.193937	105.032465
858	31.856686	103.644646
3197	36.971546	103.139717
3199	34.734951	105.331009
3217	35.206673	105.243958
807	32.410118	104.529160
1039	31.453685	101.240101
3274	36.545902	104.168648
3206	35.689014	105.056244
3229	37.252121	102.745934
806	31.438534	103.165489
3249	35.886120	105.090614
928	31.971910	104.293465
771	31.399542	100.674759
772	31.624449	99.990860
3216	34.579754	105.706291
773	31.480083	103.582375
3247	36.922961	104.078178
1027	31.167429	102.504021
3410	34.940556	105.700684
3381	36.559631	104.682243
3204	35.728994	105.417329
813	32.210732	104.828110
3388	33.741360	105.726906
3358	33.331207	105.605011
933	32.587143	105.235580
3196	37.470509	102.895683
935	32.063568	99.014336
829	30.998466	102.360985
3205	35.522301	105.728333
3309	37.181038	104.059998
770	30.979092	101.123596
921	30.970932	102.628017
3278	36.724865	104.816483
3279	36.867970	104.656906
732	30.879309	101.883301
3331	37.523460	103.362961
1005	31.780985	104.742752
3317	33.767544	106.080017
3407	35.203373	106.032043
3366	34.748856	106.132683
830	31.253901	104.004822
903	31.341389	104.197975
3874	35.965282	105.741760
3367	34.989540	106.200714
973	30.996525	103.614273
3478	36.657610	105.262024
737	30.941034	100.310310
792	32.290993	105.521996
3049	33.330372	106.148979
3222	33.909973	106.301994
869	31.460272	104.716072
3901	35.613735	106.120934
874	32.652409	105.880066
736	31.808905	98.580673
3284	36.948103	105.209015
733	32.432964	105.856339
3872	36.561478	105.643356
944	31.634853	105.160217
3280	35.490471	106.336151
781	30.474583	101.488173
3050	33.914059	106.523918
731	31.909040	105.501709
915	31.090038	99.310066
759	32.831238	106.254791
3888	36.014889	106.237907
847	32.185860	105.882018
3889	35.834301	106.361766
3316	35.218288	106.649284
809	31.036741	104.674377
842	31.212847	98.822533
785	30.864742	104.409500
3166	34.014721	106.769997
880	32.911949	97.328171
734	30.659866	104.063316
821	31.985790	105.911456
3223	35.543201	106.660812
902	30.414520	103.465439
2988	34.392168	106.882616
3059	34.893875	106.852905
3048	33.155109	106.669502
;

param :E:d=
734	731	219.6995
731	734	219.6995
734	944	157.8184
944	734	157.8184
734	902	104.9367
902	734	104.9367
734	869	152.9083
869	734	152.9083
734	785	46.6764
785	734	46.6764
734	903	121.2005
903	734	121.2005
734	1005	158.7585
1005	734	158.7585
734	773	112.9753
773	734	112.9753
734	973	88.7244
973	734	88.7244
734	813	202.3056
813	734	202.3056
731	733	51.5624
733	731	51.5624
731	792	42.3975
792	731	42.3975
733	847	22.0686
847	733	22.0686
733	792	49.6611
792	733	49.6611
733	874	35.9167
874	733	35.9167
733	759	70.4196
759	733	70.4196
733	933	55.1176
933	733	55.1176
732	827	96.1282
827	732	96.1282
732	829	58.6994
829	732	58.6994
732	781	83.7734
781	732	83.7734
732	770	73.4464
770	732	73.4464
827	912	73.4830
912	827	73.4830
827	1044	40.8521
1044	827	40.8521
829	1027	16.5837
1027	829	16.5837
829	921	25.6888
921	829	25.6888
781	770	71.0381
770	781	71.0381
847	821	25.5043
821	847	25.5043
847	792	35.8782
792	847	35.8782
792	944	45.8792
944	792	45.8792
874	759	31.5745
759	874	31.5745
874	933	60.9177
933	874	60.9177
933	807	53.0463
807	933	53.0463
933	813	56.3169
813	933	56.3169
933	3270	103.7968
3270	933	103.7968
933	3300	98.3490
3300	933	98.3490
902	973	66.0801
973	902	66.0801
809	785	31.6895
785	809	31.6895
869	928	28.7988
928	869	28.7988
869	1005	35.6507
1005	869	35.6507
903	830	22.6486
830	903	22.6486
903	858	28.4583
858	903	28.4583
903	928	49.7557
928	903	49.7557
1005	807	39.3862
807	1005	39.3862
773	806	52.9205
806	773	52.9205
773	830	29.8553
830	773	29.8553
973	921	117.0309
921	973	117.0309
973	806	65.0411
806	973	65.0411
973	830	46.9240
830	973	46.9240
813	807	57.2769
807	813	57.2769
736	935	41.2883
935	736	41.2883
736	842	134.5443
842	736	134.5443
736	880	213.4815
880	736	213.4815
935	772	128.3039
772	935	128.3039
935	842	96.0671
842	935	96.0671
935	880	184.2994
880	935	184.2994
842	915	58.7930
915	842	58.7930
737	772	96.1318
772	737	96.1318
737	771	61.5747
771	737	61.5747
772	771	87.7197
771	772	87.7197
770	771	72.8318
771	770	72.8318
770	1039	92.9947
1039	770	92.9947
921	1027	12.2210
1027	921	12.2210
921	806	72.8793
806	921	72.8793
771	947	65.2271
947	771	65.2271
771	1039	54.0848
1039	771	54.0848
1039	841	61.4972
841	1039	61.4972
947	841	37.4984
841	947	37.4984
947	913	76.3715
913	947	76.3715
947	863	49.2553
863	947	49.2553
806	803	51.6440
803	806	51.6440
806	1027	108.7212
1027	806	108.7212
774	858	130.2882
858	774	130.2882
774	778	148.6280
778	774	148.6280
774	1028	75.9573
1028	774	75.9573
774	807	133.8972
807	774	133.8972
774	937	62.7599
937	774	62.7599
858	1043	87.7138
1043	858	87.7138
858	928	62.6818
928	858	62.6818
778	810	160.5632
810	778	160.5632
778	818	75.2392
818	778	75.2392
778	3295	72.3020
3295	778	72.3020
1028	867	57.6976
867	1028	57.6976
1028	3329	66.8561
3329	1028	66.8561
807	937	57.5806
937	807	57.5806
807	928	53.4344
928	807	53.4344
810	877	63.2106
877	810	63.2106
810	908	142.4915
908	810	142.4915
818	860	47.4363
860	818	47.4363
818	3225	98.8016
3225	818	98.8016
818	3236	80.4386
3236	818	80.4386
803	912	33.9177
912	803	33.9177
803	877	33.2908
877	803	33.2908
803	1043	43.9514
1043	803	43.9514
912	877	46.6793
877	912	46.6793
912	1044	30.1190
1044	912	30.1190
877	1043	57.7790
1043	877	57.7790
937	867	47.7825
867	937	47.7825
908	1023	35.7908
1023	908	35.7908
908	3341	46.5287
3341	908	46.5287
860	3295	44.8272
3295	860	44.8272
860	3314	128.1643
3314	860	128.1643
3225	3226	34.3986
3226	3225	34.3986
3225	3288	40.9789
3288	3225	40.9789
3236	3237	51.2906
3237	3236	51.2906
3236	3341	59.5594
3341	3236	59.5594
3236	3288	55.1911
3288	3236	55.1911
841	863	29.7903
863	841	29.7903
841	1044	112.3747
1044	841	112.3747
863	968	100.0400
968	863	100.0400
863	865	58.5887
865	863	58.5887
863	913	60.9623
913	863	60.9623
3295	3329	109.2549
3329	3295	109.2549
3295	3392	67.0556
3392	3295	67.0556
3314	3463	20.8634
3463	3314	20.8634
3314	3320	75.2035
3320	3314	75.2035
3314	3378	41.2948
3378	3314	41.2948
968	1023	74.5223
1023	968	74.5223
968	865	40.3463
865	968	40.3463
865	913	70.9929
913	865	70.9929
867	3270	48.5786
3270	867	48.5786
3270	3300	52.6380
3300	3270	52.6380
1023	3341	86.9299
3341	1023	86.9299
3300	3350	35.9628
3350	3300	35.9628
3300	3358	55.4770
3358	3300	55.4770
2988	3216	125.2096
3216	2988	125.2096
2988	3050	62.5046
3050	2988	62.5046
2988	3059	55.7230
3059	2988	55.7230
2988	3166	43.1361
3166	2988	43.1361
3050	3166	24.6923
3166	3050	24.6923
3050	3222	23.1302
3222	3050	23.1302
3048	3049	34.6641
3049	3048	34.6641
3216	3199	26.5243
3199	3216	26.5243
3216	3217	86.6365
3217	3216	86.6365
3216	3366	44.5162
3366	3216	44.5162
3216	3297	69.8236
3297	3216	69.8236
3216	3410	56.8239
3410	3216	56.8239
3216	3317	140.2950
3317	3216	140.2950
3216	3311	73.3885
3311	3216	73.3885
3059	3316	30.1196
3316	3059	30.1196
3059	3366	67.8258
3366	3059	67.8258
3049	3358	94.8133
3358	3049	94.8133
3049	3317	64.1376
3317	3049	64.1376
3358	3350	46.8299
3350	3358	46.8299
3358	3388	40.6943
3388	3358	40.6943
3317	3222	39.1866
3222	3317	39.1866
3317	3388	43.5934
3388	3317	43.5934
3316	3223	30.1734
3223	3316	30.1734
3316	3280	50.7446
3280	3316	50.7446
3316	3407	43.7924
3407	3316	43.7924
3223	3280	33.4870
3280	3223	33.4870
3196	3229	51.7811
3229	3196	51.7811
3196	3331	60.0636
3331	3196	60.0636
3229	3197	42.2043
3197	3229	42.2043
3229	3382	34.8307
3382	3229	34.8307
3331	3309	78.0606
3309	3331	78.0606
3331	3197	64.3754
3197	3331	64.3754
3197	3398	34.9679
3398	3197	34.9679
3197	3382	69.1950
3382	3197	69.1950
3197	3385	87.9205
3385	3197	87.9205
3197	3309	138.8252
3309	3197	138.8252
3197	3397	49.4795
3397	3197	49.4795
3277	3201	53.8409
3201	3277	53.8409
3277	3368	24.6595
3368	3277	24.6595
3277	3398	29.3942
3398	3277	29.3942
3398	3397	17.1251
3397	3398	17.1251
3382	3385	25.9232
3385	3382	25.9232
3385	3214	46.5732
3214	3385	46.5732
3309	3247	30.2892
3247	3309	30.2892
3309	3397	68.2009
3397	3309	68.2009
3309	3279	63.4687
3279	3309	63.4687
3198	3276	70.8083
3276	3198	70.8083
3198	3217	76.3546
3217	3198	76.3546
3198	3258	86.7264
3258	3198	86.7264
3198	3206	34.3172
3206	3198	34.3172
3198	3251	54.8184
3251	3198	54.8184
3198	3249	54.1813
3249	3198	54.1813
3201	3214	85.6438
3214	3201	85.6438
3201	3228	72.3817
3228	3201	72.3817
3201	3274	56.0100
3274	3201	56.0100
3201	3224	76.0346
3224	3201	76.0346
3201	3368	54.7444
3368	3201	54.7444
3201	3251	94.4059
3251	3201	94.4059
3276	3228	44.4437
3228	3276	44.4437
3276	3347	29.5714
3347	3276	29.5714
3276	3289	36.0225
3289	3276	36.0225
3276	3365	41.8954
3365	3276	41.8954
3217	3206	75.5131
3206	3217	75.5131
3258	3347	53.7301
3347	3258	53.7301
3258	3437	34.1589
3437	3258	34.1589
3258	3301	58.2527
3301	3258	58.2527
3258	3302	40.0899
3302	3258	40.0899
3206	3204	39.5518
3204	3206	39.5518
3206	3249	38.4943
3249	3206	38.4943
3199	3302	31.3422
3302	3199	31.3422
3199	3410	40.7874
3410	3199	40.7874
3302	3297	64.7156
3297	3302	64.7156
3302	3437	41.1215
3437	3302	41.1215
3214	3429	70.8590
3429	3214	70.8590
3228	3220	56.0602
3220	3228	56.0602
3228	3458	33.4810
3458	3228	33.4810
3228	3365	51.7854
3365	3228	51.7854
3228	3289	27.3978
3289	3228	27.3978
3274	3247	50.5514
3247	3274	50.5514
3274	3381	35.9246
3381	3274	35.9246
3274	3251	77.6545
3251	3274	77.6545
3224	3220	80.0359
3220	3224	80.0359
3224	3458	34.2263
3458	3224	34.2263
3368	3397	25.8550
3397	3368	25.8550
3397	3247	64.3819
3247	3397	64.3819
3251	3249	81.7089
3249	3251	81.7089
3204	3205	43.2114
3205	3204	43.2114
3204	3874	45.8596
3874	3204	45.8596
3205	3901	33.4800
3901	3205	33.4800
3205	3280	66.9000
3280	3205	66.9000
3205	3874	55.1020
3874	3205	55.1020
3205	3407	19.0050
3407	3205	19.0050
3874	3249	87.2291
3249	3874	87.2291
3874	3888	50.1775
3888	3874	50.1775
3874	3872	66.7446
3872	3874	66.7446
3901	3280	24.6074
3280	3901	24.6074
3901	3889	32.7674
3889	3901	32.7674
3280	3889	37.8715
3889	3280	37.8715
3407	3367	32.6345
3367	3407	32.6345
3407	3410	26.9524
3410	3407	26.9524
3249	3381	72.7026
3381	3249	72.7026
3366	3367	29.2453
3367	3366	29.2453
3297	3311	33.4073
3311	3297	33.4073
3297	3473	113.8876
3473	3297	113.8876
3297	3320	169.2778
3320	3297	169.2778
3297	3330	74.3198
3330	3297	74.3198
3410	3367	45.9884
3367	3410	45.9884
3219	3226	48.8842
3226	3219	48.8842
3219	3426	20.3638
3426	3219	20.3638
3219	3230	62.3256
3230	3219	62.3256
3219	3288	61.3545
3288	3219	61.3545
3226	3378	37.1247
3378	3226	37.1247
3426	3363	20.6729
3363	3426	20.6729
3426	3230	33.4534
3230	3426	33.4534
3230	3429	54.7529
3429	3230	54.7529
3220	3429	30.0871
3429	3220	30.0871
3220	3378	93.7275
3378	3220	93.7275
3220	3363	56.5337
3363	3220	56.5337
3378	3363	31.4895
3363	3378	31.4895
3458	3365	26.7154
3365	3458	26.7154
3237	3341	17.4221
3341	3237	17.4221
3381	3278	24.8363
3278	3381	24.8363
3347	3301	79.5563
3301	3347	79.5563
3437	3392	72.8025
3392	3437	72.8025
3301	3320	30.7745
3320	3301	30.7745
3888	3889	37.4818
3889	3888	37.4818
3289	3463	75.6450
3463	3289	75.6450
3278	3478	56.4570
3478	3278	56.4570
3278	3279	19.2308
3279	3278	19.2308
3278	3284	58.5887
3284	3278	58.5887
3478	3872	23.3491
3872	3478	23.3491
3478	3284	32.5824
3284	3478	32.5824
3279	3284	65.8138
3284	3279	65.8138
3463	3320	48.5839
3320	3463	48.5839
3329	3350	63.4720
3350	3329	63.4720
3329	3330	51.3234
3330	3329	51.3234
3329	3392	49.5929
3392	3329	49.5929
3311	3388	39.6220
3388	3311	39.6220
3473	3350	26.9973
3350	3473	26.9973
3320	3392	36.6546
3392	3320	36.6546
3392	3330	33.8611
3330	3392	33.8611
;

param:K:v L:=
1	70.0	913
2	70.0	903
3	60.0	869
4	50.0	913
5	40.0	869
6	60.0	913
7	40.0	869
8	50.0	913
9	50.0	903
10	40.0	913
11	70.0	903
12	60.0	869
13	40.0	869
14	50.0	903
15	40.0	903
;

set G:=1,2,3,4,5;

param c:1	2	3	4	5:=
1	73.4	1e-5	86.9	126.0	243.6
2	37.3	1e-5	1e-5	1e-5	1e-5
3	13.4	1e-5	1e-5	1e-5	1e-5
4	1e-5	38.6	37.4	1e-5	52.2
5	68.4	1e-5	93.6	1e-5	1e-5
6	1e-5	1e-5	1e-5	135.9	1e-5
7	12.9	32.0	70.1	88.8	1e-5
8	70.9	14.9	1e-5	124.2	1e-5
9	11.9	76.1	65.2	27.4	43.7
10	144.8	30.4	1e-5	3.2	44.5
11	1e-5	109.7	74.3	23.2	24.0
12	49.1	119.6	76.3	4.0	152.3
13	80.7	51.7	93.7	52.6	81.8
14	79.5	106.3	13.9	1e-5	1e-5
15	1e-5	63.0	30.7	56.8	1e-5
;

param a:1	2	3	4	5:=
771	112	136	214	124	182
803	216	195	182	210	88
1044	317	196	151	216	274
3048	-17	-9	-13	-13	-16
3049	-9	-14	-15	-14	-15
3050	-11	-12	-16	-10	-17
3166	-14	-16	-13	-13	-10
3197	-16	-17	-7	-13	-16
3198	-11	-7	-7	-11	-16
3201	-10	-11	-9	-9	-7
3205	-16	-11	-16	-6	-14
3206	-11	-8	-11	-10	-11
3216	-7	-6	-16	-18	-16
3217	-12	-14	-6	-15	-11
3222	-13	-8	-12	-13	-13
3223	-13	-8	-7	-15	-9
3247	-14	-16	-7	-7	-14
3249	-16	-6	-8	-17	-13
3251	-15	-15	-17	-15	-13
3258	-11	-11	-14	-13	-7
3274	-11	-16	-16	-7	-12
3277	-13	-16	-16	-12	-14
3278	-16	-15	-9	-17	-10
3279	-12	-16	-16	-15	-11
3284	-12	-10	-12	-13	-12
3309	-8	-17	-11	-7	-17
3316	-9	-9	-14	-8	-11
3317	-10	-16	-10	-13	-10
3331	-6	-11	-14	-12	-11
3341	125	244	223	220	227
3347	-16	-14	-11	-9	-9
3366	-7	-10	-7	-14	-16
3367	-11	-13	-15	-8	-15
3368	-12	-16	-8	-13	-14
3381	-18	-15	-10	-13	-8
3382	-12	-8	-18	-8	-14
3385	-11	-16	-15	-17	-10
3388	-8	-14	-9	-16	-6
3397	-15	-15	-11	-9	-15
3398	-14	-17	-11	-13	-13
3407	-17	-10	-18	-9	-9
3410	-9	-8	-12	-9	-9
3478	-14	-15	-18	-15	-12
3874	-12	-16	-8	-11	-13
3888	-14	-9	-15	-15	-11
3889	-11	-6	-14	-17	-12
;

param w:1	2	3	4	5:=
731	3	1	4	2	4
732	4	2	4	5	2
733	3	5	4	3	1
734	1	1	3	3	1
736	1	3	1	4	3
737	2	2	2	3	3
759	2	5	5	3	4
770	4	3	2	4	1
771	2	4	2	1	5
772	3	5	5	2	4
773	4	2	2	3	1
774	1	4	2	2	4
778	5	4	4	5	3
781	2	4	4	3	2
785	2	1	4	1	2
792	1	5	2	1	5
803	1	2	2	5	1
806	4	3	2	2	4
807	5	3	2	2	5
809	5	5	5	5	2
810	5	2	2	5	5
813	4	4	3	3	3
818	1	4	3	1	3
821	5	4	3	5	3
827	3	4	3	5	1
829	2	3	2	2	1
830	2	3	5	5	1
841	1	3	4	4	1
842	4	2	1	4	3
847	1	1	1	2	3
858	4	4	3	1	3
860	4	1	3	2	5
863	3	1	1	5	5
865	5	3	4	3	2
867	2	2	5	2	1
869	2	3	2	1	3
874	2	1	5	3	4
877	2	2	2	1	3
880	4	3	3	2	3
902	1	4	3	5	4
903	1	3	1	5	2
908	1	4	2	1	4
912	3	3	3	4	4
913	4	2	2	2	4
915	5	2	2	1	2
921	4	4	1	4	1
928	2	2	2	4	2
933	1	2	3	1	1
935	2	2	2	1	1
937	2	4	1	5	3
944	5	4	5	4	2
947	5	5	2	3	1
968	1	3	4	2	4
973	4	4	3	1	5
1005	1	4	4	5	5
1023	3	5	5	1	3
1027	2	2	1	2	2
1028	5	2	3	1	5
1039	4	3	2	4	5
1043	1	2	4	4	4
1044	5	2	5	2	5
2988	2	1	5	3	2
3048	5	1	2	2	3
3049	3	3	1	5	2
3050	3	3	1	2	1
3059	1	1	4	2	4
3166	3	3	2	3	3
3196	2	3	5	5	4
3197	1	3	1	1	2
3198	5	5	3	3	4
3199	3	2	3	1	4
3201	5	4	1	5	2
3204	2	2	2	4	4
3205	3	2	2	4	5
3206	2	2	2	3	5
3214	4	3	3	3	2
3216	1	5	2	5	4
3217	5	4	2	1	3
3219	1	2	5	4	2
3220	1	4	3	2	3
3222	1	4	2	1	2
3223	5	5	3	5	4
3224	4	1	1	5	1
3225	1	3	3	4	3
3226	2	5	3	3	1
3228	3	4	4	2	3
3229	2	3	4	2	4
3230	1	1	2	5	1
3236	3	2	2	5	1
3237	3	4	5	4	5
3247	2	4	1	2	1
3249	3	1	4	1	2
3251	1	4	4	4	4
3258	1	4	3	5	2
3270	3	1	3	5	1
3274	2	3	3	3	5
3276	2	1	3	4	3
3277	4	3	5	1	4
3278	5	1	2	3	4
3279	4	2	5	1	1
3280	3	1	5	3	5
3284	2	2	2	4	4
3288	3	1	2	5	3
3289	2	1	5	5	3
3295	4	2	5	4	3
3297	4	4	5	3	1
3300	2	1	4	3	3
3301	3	3	5	4	1
3302	4	4	4	4	2
3309	2	3	5	5	4
3311	5	4	5	4	2
3314	1	4	1	4	4
3316	1	3	3	1	2
3317	1	2	4	3	2
3320	5	5	2	1	1
3329	3	5	4	2	5
3330	2	4	3	3	5
3331	2	3	5	2	5
3341	2	4	2	3	5
3347	3	2	1	3	2
3350	3	4	3	2	1
3358	1	3	5	2	1
3363	4	5	1	4	5
3365	3	1	4	5	4
3366	3	4	1	3	3
3367	3	4	3	5	2
3368	5	4	2	1	3
3378	3	1	3	4	3
3381	2	3	5	5	4
3382	4	1	1	4	3
3385	1	1	3	2	3
3388	2	5	2	4	1
3392	1	2	3	5	5
3397	2	2	5	2	1
3398	2	1	1	3	4
3407	1	3	5	3	3
3410	4	3	3	5	2
3426	4	3	3	4	2
3429	2	1	3	2	5
3437	3	1	1	2	1
3458	1	1	3	2	2
3463	1	1	3	5	5
3473	5	3	2	2	5
3478	3	2	4	5	5
3872	2	4	1	4	5
3874	5	4	2	4	3
3888	2	2	5	3	4
3889	2	4	2	2	5
3901	2	2	5	1	5
;

param H:= 840.0;
param U:= 3;

# === 用户配置区域 (脚本顶部) ===
# 以下为 generate_clustered_case.py 中 '用户配置区域' 的参数快照，用于复现和审计
# RANDOM_SEED = 121625
# INPUT_NODES = CHINA_filtered_nodes.csv
# INPUT_EDGES = CHINA_filtered_edges.csv
# OUTPUT_DAT = Case_Clustered_Seed121625.dat
# OUTPUT_VIS_NODES = clustered_vis_nodes.csv
# CENTER_COORD = (34.3, 101.9)
# TARGET_NODE_COUNT = 150
# PARTITION_RATIO = 0.35
# PARAM_G = 5
# PARAM_H = 840.0
# PARAM_U = 3
# NUM_VEHICLES = 15
# NUM_SUPPLY_NODES = 4
# NUM_DEPOTS = 3
# NUM_DEMAND_NODES = 42
# BASE_CAPACITY_PER_GOOD = 70.0
# DEMAND_TO_CAPACITY_RATIO = 0.8
# SUPPLY_TO_DEMAND_RATIO = 1.5
# === 用户配置区域结束 ===
